The score of this solution is 2080 found after 1890.49 seconds with total gap = 310.2%.

The best bound obtained with the dualised problem is 507.07.

Here is the list of activated arcs : 

Source,Target
0,46
0,49
0,54
0,71
1,3
2,8
3,20
4,18
5,47
6,10
7,77
8,0
9,13
10,0
11,35
12,26
13,29
14,67
15,79
16,50
17,38
18,63
19,44
20,0
21,9
22,60
23,40
24,32
25,53
26,76
27,62
28,34
29,59
30,74
31,5
32,33
33,75
34,12
35,73
36,6
37,61
38,68
39,78
40,7
41,66
42,17
43,19
44,22
45,58
46,4
47,70
48,56
49,65
50,23
51,24
52,27
53,69
54,15
55,25
56,45
57,31
58,57
59,11
60,36
61,55
62,43
63,39
64,1
65,41
66,37
67,30
68,2
69,72
70,64
71,21
72,52
73,14
74,42
75,28
76,0
77,48
78,16
79,51
