The score of this solution is 4650 found after 769.666 seconds with total gap = 490.803%.

The best bound obtained with the dualised problem is 787.065.

Here is the list of activated arcs : 

Source,Target
0,8
0,12
0,17
0,18
0,21
0,22
0,23
0,26
0,28
0,30
0,32
0,33
0,42
0,45
0,47
0,50
0,54
0,63
0,64
0,67
1,52
2,16
3,15
4,0
5,0
6,65
7,69
8,37
9,0
10,0
11,34
12,41
13,0
14,0
15,44
16,0
17,38
18,60
19,0
20,0
21,31
22,5
23,29
24,6
25,46
26,36
27,68
28,57
29,66
30,11
31,58
32,55
33,24
34,3
35,61
36,2
37,0
38,0
39,1
40,20
41,40
42,27
43,56
44,0
45,25
46,4
47,7
48,35
49,0
50,19
51,0
52,0
53,62
54,59
55,14
56,0
57,51
58,43
59,48
60,13
61,0
62,0
63,39
64,0
65,10
66,49
67,9
68,0
69,53
