The score of this solution is 16282 found after 2500.4 seconds with total gap = 142.25%.

The best bound obtained with the dualised problem is 6721.16.

Here is the list of activated arcs : 

Source,Target
0,8
0,22
0,23
0,30
0,40
0,41
0,43
0,44
0,49
0,50
0,55
0,59
1,48
2,0
3,2
4,0
5,39
6,18
7,0
8,37
9,56
10,6
11,38
12,24
13,53
14,9
15,4
16,0
17,0
18,58
19,3
20,0
21,31
22,34
23,29
24,25
25,20
26,42
27,16
28,0
29,21
30,12
31,0
32,7
33,0
34,32
35,13
36,57
37,35
38,19
39,46
40,1
41,11
42,54
43,45
44,52
45,15
46,17
47,28
48,51
49,36
50,10
51,0
52,26
53,33
54,0
55,5
56,27
57,47
58,0
59,14
