The score of this solution is 6557 found after 271.645 seconds with total gap = 648.379%.

The best bound obtained with the dualised problem is 876.16.

Here is the list of activated arcs : 

Source,Target
0,6
0,7
0,26
0,28
0,30
0,35
0,39
0,41
0,50
0,63
0,65
0,69
0,79
0,80
0,85
1,75
2,0
3,13
4,0
5,42
6,29
7,8
8,58
9,78
10,0
11,76
12,44
13,5
14,2
15,16
16,59
17,74
18,81
19,0
20,0
21,38
22,0
23,15
24,22
25,12
26,34
27,33
28,67
29,54
30,66
31,32
32,64
33,72
34,40
35,83
36,4
37,87
38,0
39,1
40,18
41,86
42,20
43,47
44,9
45,31
46,71
47,0
48,84
49,24
50,51
51,62
52,23
53,82
54,27
55,25
56,77
57,10
58,46
59,0
60,48
61,68
62,21
63,45
64,70
65,55
66,56
67,3
68,89
69,37
70,0
71,17
72,36
73,61
74,19
75,53
76,60
77,88
78,0
79,49
80,57
81,14
82,11
83,73
84,0
85,43
86,52
87,0
88,0
89,0
