The score of this solution is 3345 found after 332.023 seconds with total gap = 296.838%.

The best bound obtained with the dualised problem is 842.913.

Here is the list of activated arcs : 

Source,Target
0,16
0,20
0,31
0,32
0,33
0,37
0,52
1,2
2,59
3,4
4,0
5,21
6,7
7,0
8,10
9,25
10,12
11,54
12,0
13,15
14,23
15,18
16,5
17,22
18,0
19,3
20,46
21,34
22,0
23,45
24,36
25,50
26,44
27,35
28,58
29,49
30,8
31,9
32,43
33,28
34,11
35,55
36,0
37,53
38,19
39,47
40,1
41,38
42,39
43,24
44,0
45,48
46,14
47,40
48,51
49,17
50,30
51,6
52,42
53,27
54,41
55,56
56,57
57,13
58,29
59,26
