The score of this solution is 5046 found after 2803.76 seconds with total gap = 774.746%.

The best bound obtained with the dualised problem is 576.853.

Here is the list of activated arcs : 

Source,Target
0,21
0,33
0,36
0,38
0,51
0,52
0,54
0,55
0,56
0,63
0,64
0,66
0,69
0,70
0,73
0,76
0,77
0,83
1,2
2,4
3,5
4,22
5,0
6,11
7,9
8,14
9,0
10,16
11,0
12,15
13,18
14,0
15,0
16,79
17,20
18,40
19,17
20,0
21,27
22,0
23,28
24,34
25,30
26,8
27,81
28,0
29,26
30,0
31,41
32,61
33,19
34,7
35,45
36,75
37,42
38,71
39,80
40,0
41,0
42,60
43,50
44,82
45,0
46,62
47,44
48,72
49,68
50,0
51,37
52,29
53,84
54,46
55,53
56,67
57,58
58,0
59,43
60,0
61,12
62,0
63,35
64,0
65,78
66,57
67,48
68,31
69,74
70,49
71,32
72,23
73,39
74,47
75,10
76,65
77,59
78,25
79,6
80,13
81,3
82,1
83,0
84,24
