The score of this solution is 38417 found after 51.4174 seconds with total gap = 289.78%.

The best bound obtained with the dualised problem is 9856.07.

Here is the list of activated arcs : 

Source,Target
0,25
0,34
0,43
0,46
0,50
0,53
0,58
0,59
0,61
0,65
0,66
0,69
0,70
0,71
0,72
0,74
0,75
0,77
0,78
0,79
0,81
0,83
0,86
0,87
0,88
1,3
2,76
3,0
4,57
5,33
6,0
7,0
8,14
9,48
10,35
11,36
12,6
13,0
14,0
15,60
16,49
17,0
18,0
19,0
20,0
21,40
22,4
23,0
24,54
25,73
26,0
27,45
28,1
29,21
30,15
31,85
32,41
33,0
34,8
35,0
36,0
37,9
38,82
39,80
40,13
41,0
42,0
43,56
44,7
45,0
46,39
47,63
48,0
49,0
50,28
51,42
52,0
53,44
54,89
55,0
56,26
57,52
58,37
59,17
60,19
61,51
62,0
63,55
64,84
65,5
66,11
67,20
68,10
69,30
70,31
71,22
72,2
73,32
74,29
75,27
76,0
77,62
78,68
79,47
80,0
81,16
82,23
83,38
84,0
85,67
86,12
87,24
88,64
89,18
