The score of this solution is 3848 found after 1002.51 seconds with total gap = 567.067%.

The best bound obtained with the dualised problem is 576.853.

Here is the list of activated arcs : 

Source,Target
0,14
0,50
0,51
0,53
0,62
0,64
0,66
0,67
0,68
0,69
0,70
0,71
0,73
0,75
0,78
0,81
0,83
0,84
1,0
2,48
3,79
4,40
5,0
6,80
7,0
8,0
9,1
10,76
11,0
12,52
13,3
14,32
15,0
16,18
17,55
18,38
19,17
20,8
21,33
22,4
23,35
24,0
25,30
26,9
27,56
28,11
29,0
30,0
31,54
32,61
33,82
34,10
35,39
36,23
37,20
38,5
39,0
40,0
41,34
42,0
43,72
44,12
45,2
46,28
47,44
48,15
49,46
50,37
51,16
52,29
53,49
54,0
55,22
56,0
57,26
58,42
59,0
60,21
61,0
62,27
63,25
64,47
65,0
66,6
67,31
68,74
69,43
70,57
71,63
72,41
73,13
74,58
75,45
76,0
77,59
78,36
79,24
80,65
81,19
82,7
83,77
84,60
