The score of this solution is 4400 found after 411.905 seconds with total gap = 402.191%.

The best bound obtained with the dualised problem is 876.16.

Here is the list of activated arcs : 

Source,Target
0,8
0,14
0,30
0,36
0,52
0,57
0,64
0,65
0,69
0,85
0,89
1,75
2,21
3,60
4,74
5,29
6,4
7,88
8,58
9,78
10,13
11,35
12,49
13,39
14,42
15,16
16,7
17,44
18,63
19,0
20,12
21,79
22,50
23,15
24,55
25,32
26,54
27,23
28,67
29,83
30,66
31,34
32,27
33,72
34,33
35,0
36,46
37,87
38,22
39,1
40,18
41,0
42,20
43,47
44,59
45,31
46,71
47,19
48,40
49,24
50,17
51,62
52,61
53,82
54,0
55,70
56,77
57,10
58,9
59,0
60,2
61,25
62,86
63,37
64,84
65,45
66,38
67,3
68,73
69,68
70,43
71,80
72,11
73,48
74,5
75,53
76,51
77,0
78,81
79,26
80,76
81,0
82,0
83,41
84,6
85,56
86,0
87,0
88,0
89,28
