The score of this solution is 24375 found after 742.566 seconds with total gap = 262.661%.

The best bound obtained with the dualised problem is 6721.16.

Here is the list of activated arcs : 

Source,Target
0,12
0,16
0,17
0,22
0,30
0,37
0,42
0,44
0,49
0,51
0,53
0,57
1,6
2,5
3,4
4,0
5,0
6,33
7,13
8,15
9,10
10,0
11,38
12,54
13,0
14,59
15,0
16,45
17,41
18,9
19,23
20,50
21,29
22,24
23,0
24,55
25,26
26,0
27,56
28,8
29,11
30,25
31,32
32,47
33,0
34,35
35,0
36,40
37,20
38,3
39,2
40,0
41,21
42,52
43,7
44,58
45,43
46,39
47,0
48,1
49,34
50,18
51,36
52,28
53,46
54,27
55,19
56,14
57,31
58,0
59,48
